[gd_scene load_steps=13 format=3 uid="uid://50wa2gs7vtht"]

[ext_resource type="Script" path="res://Scripts/Game.gd" id="1_2w1m2"]
[ext_resource type="PackedScene" uid="uid://bj42mfntlgc3n" path="res://Scenes/Paper/OrigamiMaker.tscn" id="1_pletw"]
[ext_resource type="PackedScene" uid="uid://cxjmb8qdf32tw" path="res://Scenes/Phone.tscn" id="2_1t0cd"]
[ext_resource type="Script" path="res://Scripts/Camera.gd" id="4_2k81g"]
[ext_resource type="PackedScene" uid="uid://cdxv5llr2ailp" path="res://Scenes/Crystal.tscn" id="4_podbn"]
[ext_resource type="PackedScene" uid="uid://c4odccyo852ky" path="res://Scenes/Desk.tscn" id="5_ck1d6"]
[ext_resource type="PackedScene" uid="uid://omoiuito5ana" path="res://Scenes/FirstRune.tscn" id="6_rgqv1"]
[ext_resource type="PackedScene" uid="uid://bto4gksou8ad8" path="res://Scenes/Trappe.tscn" id="7_m35lp"]
[ext_resource type="Script" path="res://Scripts/PickableBase.gd" id="8_1v27y"]

[sub_resource type="ProceduralSkyMaterial" id="ProceduralSkyMaterial_462j2"]
sky_horizon_color = Color(0.64625, 0.65575, 0.67075, 1)
ground_horizon_color = Color(0.64625, 0.65575, 0.67075, 1)

[sub_resource type="Sky" id="Sky_0p0gi"]
sky_material = SubResource("ProceduralSkyMaterial_462j2")

[sub_resource type="Environment" id="Environment_0khmn"]
background_mode = 2
sky = SubResource("Sky_0p0gi")
tonemap_mode = 2

[node name="Game" type="Node3D"]
script = ExtResource("1_2w1m2")

[node name="WorldEnvironment" type="WorldEnvironment" parent="."]
environment = SubResource("Environment_0khmn")

[node name="DirectionalLight3D" type="DirectionalLight3D" parent="."]
transform = Transform3D(0.571444, 0.773632, 0.27376, 0.187589, -0.447904, 0.874181, 0.798913, -0.448191, -0.401077, 0.82128, 2.62254, -1.20323)
light_energy = 0.503
shadow_enabled = true
sky_mode = 1

[node name="OrigamiMaker" parent="." node_paths=PackedStringArray("crystal", "stamps") instance=ExtResource("1_pletw")]
crystal = NodePath("../Crystal")
stamps = [NodePath("../FirstRune")]

[node name="Phone" parent="." node_paths=PackedStringArray("phone_closer", "phone_base") instance=ExtResource("2_1t0cd")]
transform = Transform3D(0.94263, 0, -0.33384, 0, 1, 0, 0.33384, 0, 0.94263, 2.72814, 0, -0.968839)
phone_closer = NodePath("../PhoneCloser")
phone_base = NodePath("../PhoneBase")

[node name="Camera3D" type="Camera3D" parent="."]
transform = Transform3D(1, 0, 0, 0, 0.655058, 0.755579, 0, -0.755579, 0.655058, 0, 2.44342, 2.02701)
script = ExtResource("4_2k81g")

[node name="Crystal" parent="." node_paths=PackedStringArray("pickable_base") instance=ExtResource("4_podbn")]
transform = Transform3D(1, 0, 0, 0, 1, 0, 0, 0, 1, -2.542, 0.309, 0.509)
pickable_base = NodePath("../CrystalBase")

[node name="FirstRune" parent="." node_paths=PackedStringArray("pickable_base") instance=ExtResource("6_rgqv1")]
transform = Transform3D(-4.37114e-08, 0, 1, 0, 1, 0, -1, 0, -4.37114e-08, -3.5217, -0.564262, -2.34913)
pickable_base = NodePath("../StampBase1")

[node name="desk" parent="." instance=ExtResource("5_ck1d6")]
transform = Transform3D(-4.37114e-08, 0, 1, 0, 1, 0, -1, 0, -4.37114e-08, 0, -0.0395173, 0)

[node name="Trappe" parent="." instance=ExtResource("7_m35lp")]
transform = Transform3D(1, 0, 0, 0, 1, 0, 0, 0, 1, -2.78, -0.04, -3.131)

[node name="PhoneCloser" type="Node3D" parent="."]
transform = Transform3D(0.91646, -0.337201, -0.2154, 0.078816, 0.679914, -0.729044, 0.392288, 0.651163, 0.649691, 0.855111, 1.20216, 1.04308)

[node name="PhoneBase" type="Node3D" parent="."]
transform = Transform3D(0.94263, 0, -0.33384, 0, 1, 0, 0.33384, 0, 0.94263, 2.72814, 0, -0.968839)

[node name="CrystalBase" type="Node3D" parent="."]
transform = Transform3D(1, 0, 0, 0, 1, 0, 0, 0, 1, -2.542, 0.309, 0.509)
script = ExtResource("8_1v27y")

[node name="StampBase1" type="Node3D" parent="."]
transform = Transform3D(-4.37114e-08, 0, 1, 0, 1, 0, -1, 0, -4.37114e-08, -3.5217, -0.564262, -2.34913)
script = ExtResource("8_1v27y")

[node name="CraneBase" type="Node3D" parent="."]
transform = Transform3D(1, 0, 0, 0, 1, 0, 0, 0, 1, -1.9845, 0.362589, -0.236353)
script = ExtResource("8_1v27y")

[node name="FoxBase" type="Node3D" parent="."]
transform = Transform3D(1, 0, 0, 0, 1, 0, 0, 0, 1, -1.59317, 0.362589, 0.283462)
script = ExtResource("8_1v27y")

[node name="DragonBase" type="Node3D" parent="."]
transform = Transform3D(1, 0, 0, 0, 1, 0, 0, 0, 1, -1.9845, 0.362589, 1.31226)
script = ExtResource("8_1v27y")

[node name="NineTailedFoxBase" type="Node3D" parent="."]
transform = Transform3D(1, 0, 0, 0, 1, 0, 0, 0, 1, -1.59317, 0.362589, 0.847465)
script = ExtResource("8_1v27y")

[node name="FinishedPapers" type="Node3D" parent="."]

[node name="BaseReturn" type="Node3D" parent="."]
transform = Transform3D(1, 0, 0, 0, 1, 0, 0, 0, 1, 0, 0.925793, -1.85776)

[connection signal="next_step" from="OrigamiMaker" to="." method="on_next_step"]
[connection signal="magic_stops" from="Crystal" to="." method="_on_crystal_magic_stops"]
